1062301995	1729848742	1993934071
1062301995	1791273801	1993934071
1062301995	1651403834	1993934071
1062301995	1660835355	1993934071
1062301995	1401787053	1993934071
1062301995	1698893460	1993934071
1062301995	1426725054	1993934071
1062301995	1326491374	1993934071
1062301995	1893695022	1993934071
1062301995	1778577141	1993934071
1062301995	1458440994	1993934071
1062301995	1885894973	1993934071
1062301995	1898241831	1993934071
1062301995	1906764523	1993934071
1062301995	1260838111	1993934071
1062301995	1864052740	1993934071
1062301995	1842717643	1993934071
1062301995	1395026663	1993934071
1062301995	1391703685	1993934071
1062301995	1881458354	1993934071
1062301995	1804230372	1993934071
1062301995	1238732017	1993934071
1062301995	1424706035	1993934071
1062301995	1254847873	1993934071
1062301995	1156060544	1993934071
1062301995	1728815957	1993934071
1062301995	1409594011	1993934071
1062301995	1064649941	1993934071
1062301995	1795703993	1993934071
1062301995	1960583587	1993934071
1062301995	1791869701	1993934071
1062301995	1064649941	1156060544
1062301995	1192022200	1257714531
1062301995	1401787053	1409594011
1062301995	1238732017	1409594011
1062301995	1391703685	1409594011
1062301995	1260838111	1409594011
1062301995	1395026663	1409594011
1062301995	1326491374	1409594011
1062301995	1254847873	1409594011
1062301995	1424706035	1426725054
1062301995	1254847873	1426725054
1062301995	1409594011	1426725054
1062301995	1655412762	1671868732
1062301995	1192022200	1671868732
1062301995	1257714531	1671868732
1062301995	1350539123	1671868732
1062301995	1598777032	1671868732
1062301995	1353626702	1671868732
1062301995	1196309262	1671868732
1062301995	1649332231	1671868732
1062301995	1440563525	1461106940
1062301995	1236239021	1461106940
1062301995	1282738695	1461106940
1062301995	1064649941	1461106940
1062301995	1070438927	1461106940
1062301995	1303848337	1461106940
1062301995	1082781274	1461106940
1062301995	1404601825	1461106940
1062301995	1638796285	1758453771
1062301995	1682253167	1758453771
1062301995	1658030270	1758453771
1062301995	1627236537	1758453771
1062301995	1404601825	1758453771
1062301995	1256212543	1758453771
1062301995	1082781274	1758453771
1062301995	1721942252	1758453771
1062301995	1712207054	1758453771
1062301995	1660052403	1758453771
1062301995	1421137334	1758453771
1062301995	1070438927	1758453771
1062301995	1282738695	1758453771
1062301995	1236239021	1758453771
1062301995	1220537360	1758453771
1062301995	1303848337	1758453771
1062301995	1064649941	1758453771
1062301995	1597003414	1758453771
1062301995	1558846503	1758453771
1062301995	1959073150	1980072490
1062301995	1936915924	1980072490
1062301995	1906336137	1980072490
1062301995	1303848337	1668407564
1062301995	1282738695	1668407564
1062301995	1597003414	1668407564
1062301995	1461106940	1668407564
1062301995	1651403834	1668407564
1062301995	1070438927	1668407564
1062301995	1236239021	1668407564
1062301995	1192022200	1750332437
1062301995	1655412762	1750332437
1062301995	1717943701	1750332437
1062301995	1257714531	1750332437
1062301995	1649332231	1750332437
1062301995	1723293022	1750332437
1062301995	1598777032	1750332437
1062301995	1350539123	1750332437
1062301995	1671868732	1750332437
1062301995	1698983562	1757626421
1062301995	1728815957	1757626421
1062301995	1254847873	1848085982
1062301995	1156060544	1848085982
1062301995	1238732017	1848085982
1062301995	1728815957	1848085982
1062301995	1804230372	1848085982
1062301995	1729848742	1848085982
1062301995	1791273801	1848085982
1062301995	1326491374	1848085982
1062301995	1778577141	1848085982
1062301995	1446388334	1881936045
1062301995	1789074173	1968237323
1062301995	1671868732	1968237323
1062301995	1866298853	1968237323
1062301995	1064649941	1082781274
1062301995	1663879833	1789354395
1062301995	1686108063	1789354395
1062301995	1716685960	1789354395
1062301995	1279838344	1789354395
1062301995	1774184652	1926267847
1062301995	1143993665	1926267847
1062301995	1390153624	1926267847
1062301995	1824056637	1926267847
1062301995	1758453771	1926267847
1062301995	1597003414	1926267847
1062301995	1680260232	1926267847
1062301995	1736911165	1926267847
1062301995	1213517105	1926267847
1062301995	1727050830	1926267847
1062301995	1329056053	1926267847
1062301995	1651403834	1926267847
1062301995	1822639887	1926267847
1062301995	1220537360	1926267847
1062301995	1831202675	1926267847
1062301995	1404601825	1926267847
1062301995	1884715211	1926267847
1062301995	1282738695	1658030270
1062301995	1303848337	1658030270
1062301995	1395026663	1658030270
1062301995	1638796285	1658030270
1062301995	1236239021	1658030270
1062301995	1597003414	1658030270
1062301995	1627236537	1658030270
1062301995	1082781274	1658030270
1062301995	1404601825	1658030270
1062301995	1220537360	1658030270
1062301995	1421137334	1658030270
1062301995	1256212543	1658030270
1062301995	1064649941	1658030270
1062301995	1143993665	1329056053
1062301995	1597003414	1627236537
1062301995	1440563525	1627236537
1062301995	1220537360	1627236537
1062301995	1391703685	1627236537
1062301995	1421137334	1627236537
1062301995	1326491374	1627236537
1062301995	1282738695	1627236537
1062301995	1238732017	1627236537
1062301995	1558846503	1627236537
1062301995	1303848337	1627236537
1062301995	1395026663	1627236537
1062301995	1082781274	1627236537
1062301995	1256212543	1627236537
1062301995	1404601825	1627236537
1062301995	1156060544	1627236537
1062301995	1064649941	1627236537
1062301995	1236239021	1627236537
1062301995	1063479537	1627236537
1062301995	1254847873	1627236537
1062301995	1627236537	1803299813
1062301995	1774184652	1803299813
1062301995	1778577141	1803299813
1062301995	1597231935	1803299813
1062301995	1736911165	1803299813
1062301995	1395026663	1803299813
1062301995	1461106940	1803299813
1062301995	1064649941	1803299813
1062301995	1238732017	1803299813
1062301995	1698983562	1803299813
1062301995	1254847873	1803299813
1062301995	1404601825	1803299813
1062301995	1728815957	1803299813
1062301995	1196309262	1857471010
1062301995	1717943701	1857471010
1062301995	1671868732	1857471010
1062301995	1723293022	1857471010
1062301995	1598777032	1857471010
1062301995	1350539123	1857471010
1062301995	1649332231	1857471010
1062301995	1772346583	1857471010
1062301995	1682253167	1937618377
1062301995	1774184652	1937618377
1062301995	1257714531	1937618377
1062301995	1843290417	1937618377
1062301995	1728815957	1937618377
1062301995	1192022200	1937618377
1062301995	1404601825	1937618377
1062301995	1750332437	1937618377
1062301995	1655412762	1937618377
1062301995	1831202675	1937618377
1062301995	1884715211	1937618377
1062301995	1926267847	1937618377
1062301995	1196309262	1937618377
1062301995	1736911165	1937618377
1062301995	1723293022	1937618377
1062301995	1598777032	1937618377
1062301995	1213517105	1937618377
1062301995	1898241831	1937618377
1062301995	1064649941	1937618377
1062301995	1857471010	1937618377
1062301995	1717943701	1937618377
1062301995	1772346583	1937618377
1062301995	1350539123	1937618377
1062301995	1597003414	1937618377
1062301995	1446388334	1937618377
1062301995	1746825694	1937618377
1062301995	1649332231	1937618377
1062301995	1671868732	1937618377
1062301995	1279838344	1774382593
1062301995	1686108063	1774382593
1062301995	1716685960	1774382593
1062301995	1749946091	1774382593
1062301995	1658030270	1721942252
1062301995	1627236537	1721942252
1062301995	1638796285	1721942252
1062301995	1064649941	1721942252
1062301995	1256212543	1721942252
1062301995	1082781274	1721942252
1062301995	1236239021	1721942252
1062301995	1421137334	1721942252
1062301995	1303848337	1721942252
1062301995	1282738695	1721942252
1062301995	1712207054	1721942252
1062301995	1660052403	1721942252
1062301995	1220537360	1721942252
1062301995	1440563525	1686108063
1062301995	1245612684	1686108063
1062301995	1279838344	1686108063
1062301995	1663879833	1686108063
1062301995	1279838344	1686668664
1062301995	1686108063	1686668664
1062301995	1287974597	1686668664
1062301995	1245612684	1686668664
1062301995	1720156771	1971373833
1062301995	1192022200	1598777032
1062301995	1257714531	1598777032
1062301995	1350539123	1598777032
1062301995	1064649941	1723214481
1062301995	1791273801	1795703993
1062301995	1326491374	1795703993
1062301995	1395026663	1795703993
1062301995	1260838111	1795703993
1062301995	1778577141	1795703993
1062301995	1729848742	1795703993
1062301995	1401787053	1795703993
1062301995	1064649941	1795703993
1062301995	1409594011	1795703993
1062301995	1728815957	1795703993
1062301995	1254847873	1795703993
1062301995	1791869701	1795703993
1062301995	1391703685	1795703993
1062301995	1143993665	1843290417
1062301995	1774184652	1843290417
1062301995	1822639887	1843290417
1062301995	1213517105	1843290417
1062301995	1732214423	1843290417
1062301995	1597003414	1843290417
1062301995	1329056053	1843290417
1062301995	1404601825	1843290417
1062301995	1831202675	1843290417
1062301995	1649332231	1843290417
1062301995	1064649941	1843290417
1062301995	1822639887	1984924031
1062301995	1866666263	1984924031
1062301995	1925365231	1984924031
1062301995	1865753673	1984924031
1062301995	1404601825	1984924031
1062301995	1303848337	1712207054
1062301995	1070438927	1712207054
1062301995	1658030270	1712207054
1062301995	1421137334	1712207054
1062301995	1638796285	1712207054
1062301995	1660052403	1712207054
1062301995	1627236537	1712207054
1062301995	1282738695	1712207054
1062301995	1064649941	1712207054
1062301995	1256212543	1712207054
1062301995	1082781274	1712207054
1062301995	1381513101	1810001095
1062301995	1404601825	1810001095
1062301995	1256212543	1810001095
1062301995	1558846503	1810001095
1062301995	1728815957	1921645782
1062301995	1409594011	1921645782
1062301995	1156060544	1921645782
1062301995	1885894973	1921645782
1062301995	1848085982	1921645782
1062301995	1729848742	1921645782
1062301995	1893695022	1921645782
1062301995	1778577141	1921645782
1062301995	1864052740	1921645782
1062301995	1698893460	1921645782
1062301995	1238732017	1921645782
1062301995	1326491374	1921645782
1062301995	1391703685	1921645782
1062301995	1458440994	1921645782
1062301995	1287974597	1907704351
1062301995	1245612684	1907704351
1062301995	1686108063	1907704351
1062301995	1716685960	1907704351
1062301995	1894467483	1907704351
1062301995	1440563525	1907704351
1062301995	1774382593	1907704351
1062301995	1875262703	1907704351
1062301995	1760685007	1907704351
1062301995	1082781274	1907704351
1062301995	1256212543	1907704351
1062301995	1793649497	1907704351
1062301995	1236239021	1390153624
1062301995	1303848337	1390153624
1062301995	1282738695	1390153624
1062301995	1070438927	1390153624
1062301995	1220537360	1390153624
1062301995	1064649941	1390153624
1062301995	1082781274	1390153624
1062301995	1143993665	2052705931
1062301995	1926267847	2052705931
1062301995	1732214423	2052705931
1062301995	1727050830	2052705931
1062301995	1329056053	2052705931
1062301995	1143993665	1808904024
1062301995	1728815957	1808904024
1062301995	1254847873	1808904024
1062301995	1698893460	1808904024
1062301995	1426725054	1808904024
1062301995	1257714531	1962515562
1062301995	1682253167	1962515562
1062301995	1196309262	1962515562
1062301995	1353626702	1962515562
1062301995	1941525271	1962515562
1062301995	1671868732	1962515562
1062301995	1746825694	1962515562
1062301995	1717943701	1962515562
1062301995	1937618377	1962515562
1062301995	1649332231	1962515562
1062301995	1857471010	1962515562
1062301995	1723293022	1962515562
1062301995	1598777032	1962515562
1062301995	1655412762	1962515562
1062301995	1192022200	1962515562
1062301995	1772346583	1962515562
1062301995	1257714531	1682253167
1062301995	1598777032	1682253167
1062301995	1671868732	1682253167
1062301995	1350539123	1682253167
1062301995	1655412762	1682253167
1062301995	1256212543	1682253167
1062301995	1192022200	1682253167
1062301995	1649332231	1682253167
1062301995	1729848742	2202164417
1062301995	1409594011	2202164417
1062301995	1064649941	2202164417
1062301995	1254847873	2202164417
1062301995	1808904024	2202164417
1062301995	1156060544	2202164417
1062301995	1728815957	2202164417
1062301995	1906764523	2202164417
1062301995	1900642935	2202164417
1062301995	1848085982	2202164417
1062301995	1842717643	2202164417
1062301995	1804230372	2202164417
1062301995	1424706035	2202164417
1062301995	1866666263	2202164417
1062301995	1326491374	2202164417
1062301995	1627236537	2202164417
1062301995	1458440994	2202164417
1062301995	2152382375	2202164417
1062301995	1893695022	2202164417
1062301995	1238732017	2202164417
1062301995	1667699534	2202164417
1062301995	1778577141	2202164417
1062301995	1426725054	2202164417
1062301995	2146377472	2202164417
1062301995	2009002213	2202164417
1062301995	1993934071	2202164417
1062301995	1791273801	2202164417
1062301995	1260838111	2202164417
1062301995	1864052740	2202164417
1062301995	1409594011	1804230372
1062301995	1391703685	1804230372
1062301995	1795703993	1804230372
1062301995	1426725054	1804230372
1062301995	1260838111	1804230372
1062301995	1660835355	1804230372
1062301995	1395026663	1804230372
1062301995	1627236537	1804230372
1062301995	1791273801	1804230372
1062301995	1680260232	1804230372
1062301995	1401787053	1804230372
1062301995	1778577141	1804230372
1062301995	1729848742	1804230372
1062301995	1257714531	1826616501
1062301995	1682253167	1826616501
1062301995	1655412762	1826616501
1062301995	1750332437	1826616501
1062301995	1772346583	1826616501
1062301995	1723293022	1826616501
1062301995	1598777032	1826616501
1062301995	1350539123	1826616501
1062301995	1254847873	1401160472
1062301995	1064649941	1401160472
1062301995	1238732017	1401160472
1062301995	1326491374	1401160472
1062301995	1406323317	1906336137
1062301995	1424706035	1938026631
1062301995	1458440994	1938026631
1062301995	1900642935	1938026631
1062301995	1893695022	1938026631
1062301995	1728815957	1938026631
1062301995	1064649941	1938026631
1062301995	1848085982	1938026631
1062301995	1254847873	1938026631
1062301995	1326491374	1938026631
1062301995	1698893460	1938026631
1062301995	1778577141	1938026631
1062301995	1395026663	1938026631
1062301995	1864052740	1938026631
1062301995	1238732017	1938026631
1062301995	1885894973	1938026631
1062301995	1260838111	1647488287
1062301995	1254847873	1647488287
1062301995	1395026663	1647488287
1062301995	1238732017	1647488287
1062301995	1401787053	1647488287
1062301995	1391703685	1647488287
1062301995	1627236537	1647488287
1062301995	1729848742	1902394650
1062301995	1257714531	1989357683
1062301995	1746825694	1989357683
1062301995	1937618377	1989357683
1062301995	1826616501	1989357683
1062301995	1723293022	1989357683
1062301995	1598777032	1989357683
1062301995	1350539123	1989357683
1062301995	1682253167	1989357683
1062301995	1655412762	1989357683
1062301995	1772346583	1989357683
1062301995	1749946091	1907008415
1062301995	1793649497	1907008415
1062301995	1875262703	1907008415
1062301995	1774382593	1907008415
1062301995	1390153624	1421137334
1062301995	1082781274	1421137334
1062301995	1256212543	1421137334
1062301995	1404601825	1421137334
1062301995	1282738695	1421137334
1062301995	1236239021	1421137334
1062301995	1220537360	1421137334
1062301995	1064649941	1421137334
1062301995	1303848337	1421137334
1062301995	1390153624	1775385024
1062301995	1238732017	1395026663
1062301995	1260838111	1395026663
1062301995	1326491374	1395026663
1062301995	1064649941	1395026663
1062301995	1391703685	1395026663
1062301995	1254847873	1395026663
1062301995	1143993665	1774184652
1062301995	1627236537	1774184652
1062301995	1390153624	1774184652
1062301995	1716685960	1774184652
1062301995	1651403834	1774184652
1062301995	1236239021	1774184652
1062301995	1395026663	1774184652
1062301995	1597003414	1774184652
1062301995	1461106940	1774184652
1062301995	1758453771	1774184652
1062301995	1746825694	1774184652
1062301995	1736911165	1774184652
1062301995	1070438927	1774184652
1062301995	1728815957	1774184652
1062301995	1220537360	1774184652
1062301995	1064649941	1774184652
1062301995	1082781274	1774184652
1062301995	1404601825	1774184652
1062301995	1256212543	1774184652
1062301995	1326491374	2051746190
1062301995	1729848742	2051746190
1062301995	1440563525	1660052403
1062301995	1638796285	1660052403
1062301995	1282738695	1660052403
1062301995	1236239021	1660052403
1062301995	1597003414	1660052403
1062301995	1627236537	1660052403
1062301995	1461106940	1660052403
1062301995	1303848337	1660052403
1062301995	1220537360	1660052403
1062301995	1390153624	1660052403
1062301995	1658030270	1660052403
1062301995	1082781274	1660052403
1062301995	1256212543	1660052403
1062301995	1421137334	1660052403
1062301995	1064649941	1660052403
1062301995	1729848742	2287152565
1062301995	2152382375	2287152565
1062301995	2009002213	2287152565
1062301995	1723293022	1772346583
1062301995	1598777032	1772346583
1062301995	1257714531	1772346583
1062301995	1353626702	1772346583
1062301995	1350539123	1772346583
1062301995	1671868732	1772346583
1062301995	1254847873	1772346583
1062301995	1649332231	1772346583
1062301995	1655412762	1772346583
1062301995	1728815957	1772346583
1062301995	2013976690	2474795257
1062301995	1941525271	2474795257
1062301995	1880660434	2474795257
1062301995	2146377472	2474795257
1062301995	1864052740	2474795257
1062301995	1196309262	2474795257
1062301995	1866298853	2474795257
1062301995	1857471010	2474795257
1062301995	1789074173	2474795257
1062301995	1728815957	2474795257
1062301995	1921645782	2474795257
1062301995	1156060544	2474795257
1062301995	1238732017	1391703685
1062301995	1326491374	1391703685
1062301995	1260838111	1391703685
1062301995	1791273801	1864052740
1062301995	1424706035	1864052740
1062301995	1824056637	1864052740
1062301995	1627236537	1864052740
1062301995	1458440994	1864052740
1062301995	1842717643	1864052740
1062301995	1848085982	1864052740
1062301995	1260838111	1864052740
1062301995	1651403834	1864052740
1062301995	1196309262	1864052740
1062301995	1401787053	1864052740
1062301995	1660835355	1864052740
1062301995	1426725054	1864052740
1062301995	1698893460	1864052740
1062301995	1778577141	1864052740
1062301995	1238732017	1864052740
1062301995	1395026663	1864052740
1062301995	1391703685	1864052740
1062301995	1729848742	1864052740
1062301995	1326491374	1864052740
1062301995	1680260232	1864052740
1062301995	1804230372	1864052740
1062301995	1728815957	1864052740
1062301995	1795703993	1864052740
1062301995	1791869701	1864052740
1062301995	1156060544	1864052740
1062301995	1401160472	1864052740
1062301995	1808904024	1864052740
1062301995	1064649941	1864052740
1062301995	1409594011	1864052740
1062301995	1647488287	1864052740
1062301995	1254847873	1864052740
1062301995	1627236537	2125242163
1062301995	1804230372	2125242163
1062301995	1260838111	2125242163
1062301995	1864052740	2125242163
1062301995	1395026663	2125242163
1062301995	1238732017	2125242163
1062301995	1881458354	2125242163
1062301995	1729848742	2125242163
1062301995	1326491374	2125242163
1062301995	1778577141	2125242163
1062301995	1993934071	2125242163
1062301995	1906764523	2125242163
1062301995	1647488287	2125242163
1062301995	1848085982	2125242163
1062301995	1391703685	2125242163
1062301995	1728815957	2125242163
1062301995	1156060544	2125242163
1062301995	2118829682	2179384075
1062301995	2000111245	2179384075
1062301995	1898576437	2179384075
1062301995	1390153624	1727050830
1062301995	1143993665	1727050830
1062301995	1698983562	1727050830
1062301995	1064649941	1727050830
1062301995	1313459352	1999265823
1062301995	1667699534	1999265823
1062301995	1758846031	1999265823
1062301995	1627236537	1999265823
1062301995	1064649941	1999265823
1062301995	1683603384	1999265823
1062301995	1657389282	1999265823
1062301995	1303848337	1440563525
1062301995	1282738695	1440563525
1062301995	1064649941	1440563525
1062301995	1082781274	1440563525
1062301995	1282738695	1303848337
1062301995	1070438927	1303848337
1062301995	1064649941	1303848337
1062301995	1236239021	1303848337
1062301995	1082781274	1303848337
1062301995	1256212543	1303848337
1062301995	1220537360	1303848337
1062301995	1638796285	1760685007
1062301995	1558846503	1760685007
1062301995	1660052403	1760685007
1062301995	1303848337	1760685007
1062301995	1658030270	1760685007
1062301995	1758453771	1760685007
1062301995	1282738695	1760685007
1062301995	1220537360	1760685007
1062301995	1721942252	1760685007
1062301995	1082781274	1760685007
1062301995	1421137334	1760685007
1062301995	1256212543	1760685007
1062301995	1257714531	1655412762
1062301995	1598777032	1655412762
1062301995	1649332231	1655412762
1062301995	1192022200	1655412762
1062301995	1627236537	1906764523
1062301995	1880660434	1906764523
1062301995	1424706035	1906764523
1062301995	1260838111	1906764523
1062301995	1864052740	1906764523
1062301995	1728815957	1906764523
1062301995	1893695022	1906764523
1062301995	1729848742	1906764523
1062301995	1426725054	1906764523
1062301995	1698893460	1906764523
1062301995	1326491374	1906764523
1062301995	1791273801	1906764523
1062301995	1885894973	1906764523
1062301995	1680260232	1906764523
1062301995	1804230372	1906764523
1062301995	1238732017	1906764523
1062301995	1778577141	1906764523
1062301995	1401787053	1906764523
1062301995	1391703685	1906764523
1062301995	1647488287	1906764523
1062301995	1254847873	1906764523
1062301995	1409594011	1906764523
1062301995	1064649941	1906764523
1062301995	1156060544	1906764523
1062301995	1795703993	1906764523
1062301995	1842717643	1906764523
1062301995	1657389282	1758846031
1062301995	1313459352	1758846031
1062301995	1424706035	2146377472
1062301995	1791869701	2146377472
1062301995	1893695022	2146377472
1062301995	1848085982	2146377472
1062301995	1842717643	2146377472
1062301995	1938026631	2146377472
1062301995	1921645782	2146377472
1062301995	1728815957	2146377472
1062301995	1647488287	2146377472
1062301995	1906764523	2146377472
1062301995	1900642935	2146377472
1062301995	1409594011	2146377472
1062301995	1064649941	2146377472
1062301995	1795703993	2146377472
1062301995	1254847873	2146377472
1062301995	1156060544	2146377472
1062301995	1808904024	2146377472
1062301995	1401787053	2146377472
1062301995	1238732017	2146377472
1062301995	1881458354	2146377472
1062301995	1729848742	2146377472
1062301995	1651403834	2146377472
1062301995	1885894973	2146377472
1062301995	1993934071	2146377472
1062301995	1791273801	2146377472
1062301995	1864052740	2146377472
1062301995	1260838111	2146377472
1062301995	1660835355	2146377472
1062301995	1698893460	2146377472
1062301995	2009002213	2146377472
1062301995	1326491374	2146377472
1062301995	1778577141	2146377472
1062301995	1680260232	2146377472
1062301995	1804230372	2146377472
1062301995	1391703685	2146377472
1062301995	1257714531	1350539123
1062301995	1192022200	1350539123
1062301995	1824056637	1894467483
1062301995	1658030270	1894467483
1062301995	1638796285	1894467483
1062301995	1774184652	1894467483
1062301995	1668407564	1894467483
1062301995	1461106940	1894467483
1062301995	1758453771	1894467483
1062301995	1870614635	1894467483
1062301995	1813196995	1894467483
1062301995	1282738695	1894467483
1062301995	1303848337	1894467483
1062301995	1660052403	1894467483
1062301995	1236239021	1894467483
1062301995	1597003414	1894467483
1062301995	1070438927	1894467483
1062301995	1421137334	1894467483
1062301995	1082781274	1894467483
1062301995	1404601825	1894467483
1062301995	1064649941	1894467483
1062301995	1458440994	1778577141
1062301995	1424706035	1778577141
1062301995	1156060544	1778577141
1062301995	1064649941	1778577141
1062301995	1409594011	1778577141
1062301995	1728815957	1778577141
1062301995	1647488287	1778577141
1062301995	1254847873	1778577141
1062301995	1260838111	1778577141
1062301995	1196309262	1778577141
1062301995	1395026663	1778577141
1062301995	1426725054	1778577141
1062301995	1698893460	1778577141
1062301995	1391703685	1778577141
1062301995	1238732017	1778577141
1062301995	1660835355	1778577141
1062301995	1326491374	1778577141
1062301995	1680260232	1778577141
1062301995	1729848742	1778577141
1062301995	1401787053	1778577141
1062301995	1064649941	1813196995
1062301995	1082781274	1813196995
1062301995	1404601825	1813196995
1062301995	1236239021	1813196995
1062301995	1303848337	1813196995
1062301995	1461106940	1813196995
1062301995	1282738695	1813196995
1062301995	1070438927	1813196995
1062301995	1597003414	1813196995
1062301995	1421137334	1813196995
1062301995	1750332437	2399484993
1062301995	1192022200	2399484993
1062301995	1655412762	2399484993
1062301995	1962515562	2399484993
1062301995	1937618377	2399484993
1062301995	1824212633	2399484993
1062301995	1746825694	2399484993
1062301995	1671868732	2399484993
1062301995	1999265823	2399484993
1062301995	1649332231	2399484993
1062301995	1440563525	1638796285
1062301995	1390153624	1638796285
1062301995	1627236537	1638796285
1062301995	1082781274	1638796285
1062301995	1404601825	1638796285
1062301995	1064649941	1638796285
1062301995	1256212543	1638796285
1062301995	1236239021	1638796285
1062301995	1461106940	1638796285
1062301995	1421137334	1638796285
1062301995	1282738695	1638796285
1062301995	1303848337	1638796285
1062301995	1597003414	1638796285
1062301995	1220537360	1638796285
1062301995	1064649941	1070438927
1062301995	1156060544	1254847873
1062301995	1196309262	1254847873
1062301995	1238732017	1254847873
1062301995	1774184652	1791273801
1062301995	1627236537	1791273801
1062301995	1326491374	1791273801
1062301995	1729848742	1791273801
1062301995	1260838111	1791273801
1062301995	1238732017	1791273801
1062301995	1660835355	1791273801
1062301995	1395026663	1791273801
1062301995	1391703685	1791273801
1062301995	1728815957	1791273801
1062301995	1254847873	1791273801
1062301995	1064649941	1791273801
1062301995	1401160472	1791273801
1062301995	1406323317	1936915924
1062301995	1627236537	2009002213
1062301995	1391703685	2009002213
1062301995	1064649941	2009002213
1062301995	1254847873	2009002213
1062301995	1808904024	2009002213
1062301995	1728815957	2009002213
1062301995	1842717643	2009002213
1062301995	1795703993	2009002213
1062301995	1326491374	2009002213
1062301995	1993934071	2009002213
1062301995	1885894973	2009002213
1062301995	1937618377	2009002213
1062301995	1260838111	2009002213
1062301995	1864052740	2009002213
1062301995	1238732017	2009002213
1062301995	1729848742	2009002213
1062301995	1926267847	2009002213
1062301995	1698893460	2009002213
1062301995	1461106940	2009002213
1062301995	1401787053	2009002213
1062301995	1893695022	2009002213
1062301995	1651403834	2009002213
1062301995	1791273801	2009002213
1062301995	1395026663	2009002213
1062301995	1597003414	2009002213
1062301995	1680260232	2009002213
1062301995	1778577141	2009002213
1062301995	1906764523	2009002213
1062301995	1627236537	2063420921
1062301995	1658030270	2063420921
1062301995	1638796285	2063420921
1062301995	1824056637	2063420921
1062301995	1421137334	2063420921
1062301995	1721942252	2063420921
1062301995	1220537360	2063420921
1062301995	1865753673	2063420921
1062301995	1282738695	2063420921
1062301995	1660052403	2063420921
1062301995	1236239021	2063420921
1062301995	1758453771	2063420921
1062301995	1303848337	2063420921
1062301995	2000111245	2063420921
1062301995	1854951781	2063420921
1062301995	1793786682	1941102703
1062301995	1774184652	1884715211
1062301995	1326491374	1884715211
1062301995	1727050830	1884715211
1062301995	1064649941	1884715211
1062301995	1597003414	1884715211
1062301995	1843290417	1884715211
1062301995	1404601825	1884715211
1062301995	1831202675	1884715211
1062301995	1245612684	2060141763
1062301995	1789354395	2060141763
1062301995	1875262703	2060141763
1062301995	1894467483	2060141763
1062301995	1279838344	2060141763
1062301995	1686668664	2060141763
1062301995	1716685960	2060141763
1062301995	1686108063	2060141763
1062301995	1774382593	2060141763
1062301995	1663879833	2060141763
1062301995	1907704351	2060141763
1062301995	1793649497	2060141763
1062301995	1749946091	2060141763
1062301995	1245612684	1287974597
1062301995	1279838344	1287974597
1062301995	1143993665	1831202675
1062301995	1774184652	1831202675
1062301995	1822639887	1831202675
1062301995	1649332231	1831202675
1062301995	1213517105	1831202675
1062301995	1064649941	1831202675
1062301995	1446388334	1831202675
1062301995	1999265823	2884696134
1062301995	1956639543	2884696134
1062301995	1381513101	2118829682
1062301995	1322926765	2118829682
1062301995	1064649941	2118829682
1062301995	1898241831	2118829682
1062301995	1810001095	2118829682
1062301995	1558846503	2118829682
1062301995	2000111245	2118829682
1062301995	1391703685	2118829682
1062301995	1822639887	2118829682
1062301995	1865753673	2118829682
1062301995	1768627060	2118829682
1062301995	1404601825	2118829682
1062301995	1064649941	1282738695
1062301995	1070438927	1282738695
1062301995	1236239021	1282738695
1062301995	1082781274	1282738695
1062301995	1256212543	1282738695
1062301995	1220537360	1282738695
1062301995	1824056637	1854951781
1062301995	1627236537	1854951781
1062301995	1658030270	1854951781
1062301995	1638796285	1854951781
1062301995	1303848337	1854951781
1062301995	1660052403	1854951781
1062301995	1760685007	1854951781
1062301995	1064649941	1854951781
1062301995	1404601825	1854951781
1062301995	1282738695	1854951781
1062301995	1758453771	1854951781
1062301995	1082781274	1854951781
1062301995	1721942252	1854951781
1062301995	1220537360	1854951781
1062301995	1256212543	1854951781
1062301995	1421137334	1854951781
1062301995	1822639887	1898241831
1062301995	1143993665	1898241831
1062301995	1064649941	1898241831
1062301995	1558846503	1898241831
1062301995	1329056053	1898241831
1062301995	1803299813	1898241831
1062301995	1395026663	1898241831
1062301995	1775385024	1898241831
1062301995	1404601825	1898241831
1062301995	1831202675	1898241831
1062301995	1649332231	1898241831
1062301995	1884715211	1898241831
1062301995	1446388334	1898241831
1062301995	1999265823	2013976690
1062301995	1980072490	2326747457
1062301995	1984922233	2326747457
1062301995	2098708360	2326747457
1062301995	1959073150	2326747457
1062301995	1936915924	2326747457
1062301995	1906336137	2326747457
1062301995	1064649941	1220537360
1062301995	1082781274	1220537360
1062301995	1070438927	1236239021
1062301995	1082781274	1236239021
1062301995	1064649941	1236239021
1062301995	1220537360	1236239021
1062301995	1658030270	1768627060
1062301995	1064649941	1768627060
1062301995	1404601825	1768627060
1062301995	1082781274	1768627060
1062301995	1597003414	1768627060
1062301995	1660052403	1768627060
1062301995	1774184652	1866666263
1062301995	1728815957	1866666263
1062301995	1842717643	1866666263
1062301995	1808904024	1866666263
1062301995	1749946091	1866666263
1062301995	1686668664	1866666263
1062301995	1461106940	1866666263
1062301995	1698893460	1866666263
1062301995	1404601825	1866666263
1062301995	1651403834	1866666263
1062301995	1864052740	1866666263
1062301995	1279838344	1866666263
1062301995	1597003414	1866666263
1062301995	1686108063	1866666263
1062301995	1716685960	1866666263
1062301995	1663879833	1866666263
1062301995	1303848337	1866666263
1062301995	1822639887	1866666263
1062301995	1064649941	1866666263
1062301995	1658030270	2725584731
1062301995	1638796285	2725584731
1062301995	1970920757	2725584731
1062301995	1220537360	2725584731
1062301995	1854951781	2725584731
1062301995	1627236537	2725584731
1062301995	2000111245	2725584731
1062301995	1660052403	2725584731
1062301995	1758453771	2725584731
1062301995	1760685007	2725584731
1062301995	1824056637	2725584731
1062301995	1082781274	2725584731
1062301995	1236239021	2725584731
1062301995	1721942252	2725584731
1062301995	1898576437	2725584731
1062301995	1256212543	2725584731
1062301995	1421137334	2725584731
1062301995	1865753673	2725584731
1062301995	1064649941	1651403834
1062301995	1070438927	1651403834
1062301995	1395026663	1651403834
1062301995	1597003414	1651403834
1062301995	1391703685	1651403834
1062301995	1461106940	1651403834
1062301995	1287974597	1716685960
1062301995	1245612684	1716685960
1062301995	1329056053	1716685960
1062301995	1279838344	1716685960
1062301995	1663879833	1716685960
1062301995	1686108063	1716685960
1062301995	1686668664	1716685960
1062301995	1791273801	1791869701
1062301995	1729848742	1842717643
1062301995	1808904024	1842717643
1062301995	1728815957	1842717643
1062301995	1254847873	1842717643
1062301995	1395026663	1842717643
1062301995	1778577141	1842717643
1062301995	1064649941	1842717643
1062301995	1409594011	1842717643
1062301995	1424706035	1842717643
1062301995	1426725054	1842717643
1062301995	1698893460	1842717643
1062301995	1866666263	1925365231
1062301995	1902394650	1925365231
1062301995	1716685960	1925365231
1062301995	1627236537	1925365231
1062301995	1822639887	1925365231
1062301995	1303848337	1925365231
1062301995	1064649941	1925365231
1062301995	1758453771	1925365231
1062301995	1404601825	1925365231
1062301995	1262759693	1322926765
1062301995	1156060544	1322926765
1062301995	1064649941	1404601825
1062301995	1282738695	1404601825
1062301995	1070438927	1404601825
1062301995	1381513101	1404601825
1062301995	1329056053	1404601825
1062301995	1236239021	1404601825
1062301995	1220537360	1404601825
1062301995	1303848337	1404601825
1062301995	1082781274	1404601825
1062301995	1256212543	1404601825
1062301995	1424706035	1728815957
1062301995	1627236537	1728815957
1062301995	1401160472	1728815957
1062301995	1156060544	1728815957
1062301995	1254847873	1728815957
1062301995	1260838111	1728815957
1062301995	1680260232	1728815957
1062301995	1597003414	1728815957
1062301995	1196309262	1728815957
1062301995	1326491374	1728815957
1062301995	1395026663	1728815957
1062301995	1660835355	1728815957
1062301995	1064649941	1728815957
1062301995	1409594011	1728815957
1062301995	1238732017	1728815957
1062301995	1698893460	1728815957
1062301995	1426725054	1728815957
1062301995	1461106940	1728815957
1062301995	1424706035	1893695022
1062301995	1458440994	1893695022
1062301995	1326491374	1893695022
1062301995	1864052740	1893695022
1062301995	1647488287	1893695022
1062301995	1778577141	1893695022
1062301995	1729848742	1893695022
1062301995	1698893460	1893695022
1062301995	1885894973	1893695022
1062301995	1401787053	1893695022
1062301995	1728815957	1893695022
1062301995	1848085982	1893695022
1062301995	1795703993	1893695022
1062301995	1424706035	1698893460
1062301995	1458440994	1698893460
1062301995	1326491374	1698893460
1062301995	1409594011	1698893460
1062301995	1064649941	1698893460
1062301995	1391703685	1698893460
1062301995	1254847873	1698893460
1062301995	1401160472	1698893460
1062301995	1326491374	1458440994
1062301995	1238732017	1458440994
1062301995	1254847873	1680260232
1062301995	1409594011	1680260232
1062301995	1238732017	1680260232
1062301995	1326491374	1680260232
1062301995	1627236537	1822639887
1062301995	1774184652	1822639887
1062301995	1143993665	1822639887
1062301995	1390153624	1822639887
1062301995	1064649941	1822639887
1062301995	1303848337	1822639887
1062301995	1758453771	1822639887
1062301995	1395026663	1822639887
1062301995	1727050830	1822639887
1062301995	1760685007	1822639887
1062301995	1736911165	1822639887
1062301995	1213517105	1822639887
1062301995	1404601825	1822639887
1062301995	1775385024	1822639887
1062301995	1651403834	1822639887
1062301995	1597003414	1822639887
1062301995	1804230372	1822639887
1062301995	1558846503	1822639887
1062301995	1627236537	1824056637
1062301995	1658030270	1824056637
1062301995	1390153624	1824056637
1062301995	1760685007	1824056637
1062301995	1758453771	1824056637
1062301995	1220537360	1824056637
1062301995	1712207054	1824056637
1062301995	1660052403	1824056637
1062301995	1597003414	1824056637
1062301995	1421137334	1824056637
1062301995	1282738695	1824056637
1062301995	1651403834	1824056637
1062301995	1404601825	1824056637
1062301995	1303848337	1824056637
1062301995	1721942252	1824056637
1062301995	1082781274	1824056637
1062301995	1064649941	1824056637
1062301995	1236239021	1824056637
1062301995	1256212543	1824056637
1062301995	1803299813	1824056637
1062301995	1822639887	1970839465
1062301995	1143993665	1970839465
1062301995	1843290417	1970839465
1062301995	1649332231	1970839465
1062301995	1064649941	1970839465
1062301995	1884715211	1970839465
1062301995	1395026663	1970839465
1062301995	1404601825	1970839465
1062301995	1898241831	1970839465
1062301995	1937618377	1970839465
1062301995	1727050830	1970839465
1062301995	1736911165	1970839465
1062301995	1746825694	1970839465
1062301995	1926267847	1970839465
1062301995	1329056053	1970839465
1062301995	1424706035	1660835355
1062301995	1254847873	1660835355
1062301995	1391703685	1660835355
1062301995	1409594011	1660835355
1062301995	1426725054	1660835355
1062301995	1260838111	1660835355
1062301995	1558846503	1660835355
1062301995	1395026663	1660835355
1062301995	1671868732	1717943701
1062301995	1655412762	1717943701
1062301995	1287974597	1749946091
1062301995	1245612684	1749946091
1062301995	1686108063	1749946091
1062301995	1716685960	1749946091
1062301995	1660052403	1749946091
1062301995	1279838344	1749946091
1062301995	1282738695	1749946091
1062301995	1663879833	1749946091
1062301995	1686668664	1749946091
1062301995	1236239021	1749946091
1062301995	1082781274	1749946091
1062301995	1238732017	1326491374
1062301995	1064649941	1326491374
1062301995	1254847873	1326491374
1062301995	1156060544	1326491374
1062301995	1143993665	1446388334
1062301995	1064649941	1446388334
1062301995	1824056637	1898576437
1062301995	1658030270	1898576437
1062301995	1627236537	1898576437
1062301995	1638796285	1898576437
1062301995	1082781274	1898576437
1062301995	1256212543	1898576437
1062301995	1404601825	1898576437
1062301995	1220537360	1898576437
1062301995	1421137334	1898576437
1062301995	1721942252	1898576437
1062301995	1064649941	1898576437
1062301995	1236239021	1898576437
1062301995	1865753673	1898576437
1062301995	1282738695	1898576437
1062301995	1758453771	1898576437
1062301995	1660052403	1898576437
1062301995	1760685007	1898576437
1062301995	1303848337	1898576437
1062301995	1854951781	1898576437
1062301995	1682253167	1746825694
1062301995	1257714531	1746825694
1062301995	1671868732	1746825694
1062301995	1329056053	1746825694
1062301995	1350539123	1746825694
1062301995	1649332231	1746825694
1062301995	1598777032	1746825694
1062301995	1723293022	1746825694
1062301995	1728815957	1746825694
1062301995	1655412762	1746825694
1062301995	1192022200	1746825694
1062301995	1627236537	3204389632
1062301995	2118829682	3204389632
1062301995	2179384075	3204389632
1062301995	1865753673	3204389632
1062301995	1810001095	3204389632
1062301995	1256212543	3204389632
1062301995	1254847873	1401787053
1062301995	1395026663	1401787053
1062301995	1260838111	1401787053
1062301995	1458440994	1885894973
1062301995	1260838111	1885894973
1062301995	1864052740	1885894973
1062301995	1791273801	1885894973
1062301995	1698893460	1885894973
1062301995	1395026663	1885894973
1062301995	1778577141	1885894973
1062301995	1881458354	1885894973
1062301995	1409594011	1885894973
1062301995	1729848742	1885894973
1062301995	1254847873	1885894973
1062301995	1848085982	1885894973
1062301995	1391703685	1885894973
1062301995	1795703993	1885894973
1062301995	1156060544	1885894973
1062301995	1749946091	1793649497
1062301995	1279838344	1793649497
1062301995	1663879833	1793649497
1062301995	1686108063	1793649497
1062301995	1716685960	1793649497
1062301995	1686668664	1793649497
1062301995	1774382593	1793649497
1062301995	1824056637	1970920757
1062301995	1390153624	1970920757
1062301995	1658030270	1970920757
1062301995	1865753673	1970920757
1062301995	1421137334	1970920757
1062301995	1064649941	1970920757
1062301995	1721942252	1970920757
1062301995	1082781274	1970920757
1062301995	1898576437	1970920757
1062301995	1638796285	1970920757
1062301995	1760685007	1970920757
1062301995	1712207054	1970920757
1062301995	1660052403	1970920757
1062301995	1758453771	1970920757
1062301995	1220537360	1970920757
1062301995	1282738695	1970920757
1062301995	1854951781	1970920757
1062301995	1303848337	1970920757
1062301995	1313459352	1657389282
1062301995	1627236537	2056091415
1062301995	1728815957	2056091415
1062301995	1404601825	2056091415
1062301995	1865753673	2056091415
1062301995	1143993665	1736911165
1062301995	1728815957	1736911165
1062301995	1064649941	1736911165
1062301995	1727050830	1736911165
1062301995	1220537360	1736911165
1062301995	1446388334	1736911165
1062301995	1329056053	1736911165
1062301995	1732214423	1736911165
1062301995	1682253167	1723293022
1062301995	1598777032	1723293022
1062301995	1257714531	1723293022
1062301995	1350539123	1723293022
1062301995	1649332231	1723293022
1062301995	1671868732	1723293022
1062301995	1353626702	1723293022
1062301995	1717943701	1723293022
1062301995	1192022200	1723293022
1062301995	1655412762	1723293022
1062301995	1813196995	1870614635
1062301995	1824056637	1870614635
1062301995	1236239021	1870614635
1062301995	1303848337	1870614635
1062301995	1082781274	1870614635
1062301995	1461106940	1870614635
1062301995	1421137334	1870614635
1062301995	1404601825	1870614635
1062301995	1597003414	1870614635
1062301995	1282738695	1870614635
1062301995	1638796285	1870614635
1062301995	1660052403	1870614635
1062301995	1668407564	1870614635
1062301995	1651403834	1870614635
1062301995	1064649941	1870614635
1062301995	1070438927	1870614635
1062301995	1651403834	1881458354
1062301995	1791273801	1881458354
1062301995	1864052740	1881458354
1062301995	1391703685	1881458354
1062301995	1395026663	1881458354
1062301995	1326491374	1881458354
1062301995	1254847873	1881458354
1062301995	1843290417	1881458354
1062301995	1728815957	1881458354
1062301995	1791869701	1881458354
1062301995	1864052740	1900642935
1062301995	1728815957	1900642935
1062301995	1647488287	1900642935
1062301995	1326491374	1900642935
1062301995	1880660434	1900642935
1062301995	1424706035	1900642935
1062301995	1893695022	1900642935
1062301995	1064649941	1424706035
1062301995	1254847873	1424706035
1062301995	1156060544	1424706035
1062301995	1391703685	1424706035
1062301995	1326491374	1424706035
1062301995	1196309262	1424706035
1062301995	1627236537	1960583587
1062301995	1884715211	1960583587
1062301995	1795703993	1960583587
1062301995	1728815957	1960583587
1062301995	1391703685	1960583587
1062301995	1254847873	1960583587
1062301995	1409594011	1960583587
1062301995	1906764523	1960583587
1062301995	1680260232	1960583587
1062301995	1778577141	1960583587
1062301995	1660835355	1960583587
1062301995	1395026663	1960583587
1062301995	1238732017	1960583587
1062301995	1864052740	1960583587
1062301995	1729848742	1960583587
1062301995	1458440994	1902666330
1062301995	1893695022	1902666330
1062301995	1885894973	1902666330
1062301995	1458440994	2152382375
1062301995	1424706035	2152382375
1062301995	1880660434	2152382375
1062301995	1064649941	2152382375
1062301995	1409594011	2152382375
1062301995	2125242163	2152382375
1062301995	1921645782	2152382375
1062301995	1938026631	2152382375
1062301995	1254847873	2152382375
1062301995	1156060544	2152382375
1062301995	1906764523	2152382375
1062301995	1900642935	2152382375
1062301995	1647488287	2152382375
1062301995	1848085982	2152382375
1062301995	1842717643	2152382375
1062301995	1391703685	2152382375
1062301995	1960583587	2152382375
1062301995	1795703993	2152382375
1062301995	1778577141	2152382375
1062301995	1260838111	2152382375
1062301995	1864052740	2152382375
1062301995	1660835355	2152382375
1062301995	1326491374	2152382375
1062301995	1893695022	2152382375
1062301995	1651403834	2152382375
1062301995	2009002213	2152382375
1062301995	1729848742	2152382375
1062301995	1728815957	2152382375
1062301995	1680260232	2152382375
1062301995	1597003414	2152382375
1062301995	1804230372	2152382375
1062301995	1395026663	2152382375
1062301995	2146377472	2152382375
1062301995	1238732017	2152382375
1062301995	1885894973	2152382375
1062301995	1993934071	2152382375
1062301995	1791273801	2152382375
1062301995	1881458354	2152382375
1062301995	1401787053	2152382375
1062301995	1598777032	1649332231
1062301995	1257714531	1649332231
1062301995	1353626702	1649332231
1062301995	1196309262	1649332231
1062301995	1192022200	1649332231
1062301995	1789074173	1866298853
1062301995	1746825694	1866298853
1062301995	1671868732	1866298853
1062301995	1627236537	2000111245
1062301995	1390153624	2000111245
1062301995	1970920757	2000111245
1062301995	1658030270	2000111245
1062301995	1774184652	2000111245
1062301995	1440563525	2000111245
1062301995	1824056637	2000111245
1062301995	1638796285	2000111245
1062301995	1064649941	2000111245
1062301995	1854951781	2000111245
1062301995	1236239021	2000111245
1062301995	1758453771	2000111245
1062301995	1894467483	2000111245
1062301995	1421137334	2000111245
1062301995	1220537360	2000111245
1062301995	1282738695	2000111245
1062301995	1712207054	2000111245
1062301995	1660052403	2000111245
1062301995	1760685007	2000111245
1062301995	1870614635	2000111245
1062301995	1461106940	2000111245
1062301995	1113178394	2000111245
1062301995	1303848337	2000111245
1062301995	1404601825	2000111245
1062301995	1898576437	2000111245
1062301995	1721942252	2000111245
1062301995	1865753673	2000111245
1062301995	1082781274	2000111245
1062301995	1256212543	2000111245
1062301995	1406323317	1959073150
1062301995	1906336137	1959073150
1062301995	1936915924	1959073150
1062301995	1064649941	1256212543
1062301995	1082781274	1256212543
1062301995	1220537360	1256212543
1062301995	1303848337	1558846503
1062301995	1381513101	1558846503
1062301995	1064649941	1558846503
1062301995	1404601825	1558846503
1062301995	1256212543	1558846503
1062301995	1257714531	2117784832
1062301995	1682253167	2117784832
1062301995	1962515562	2117784832
1062301995	1937618377	2117784832
1062301995	1970839465	2117784832
1062301995	1350539123	2117784832
1062301995	1649332231	2117784832
1062301995	1826616501	2117784832
1062301995	1989357683	2117784832
1062301995	1857471010	2117784832
1062301995	1723293022	2117784832
1062301995	1598777032	2117784832
1062301995	1898241831	2117784832
1062301995	1671868732	2117784832
1062301995	1196309262	2117784832
1062301995	1941525271	2117784832
1062301995	1746825694	2117784832
1062301995	1655412762	2117784832
1062301995	1772346583	2117784832
1062301995	1329056053	1698983562
1062301995	1245612684	1875262703
1062301995	1287974597	1875262703
1062301995	1793649497	1875262703
1062301995	1749946091	1875262703
1062301995	1279838344	1875262703
1062301995	1774382593	1875262703
1062301995	1686108063	1875262703
1062301995	1716685960	1875262703
1062301995	1686668664	1875262703
1062301995	1866666263	1875262703
1062301995	1663879833	1875262703
1062301995	1682253167	1941525271
1062301995	1880660434	1941525271
1062301995	1750332437	1941525271
1062301995	1728815957	1941525271
1062301995	1772346583	1941525271
1062301995	1655412762	1941525271
1062301995	1746825694	1941525271
1062301995	1857471010	1941525271
1062301995	1353626702	1941525271
1062301995	1196309262	1941525271
1062301995	1723293022	1941525271
1062301995	1598777032	1941525271
1062301995	1649332231	1941525271
1062301995	1257714531	1941525271
1062301995	1671868732	1941525271
1062301995	1937618377	1941525271
1062301995	1906336137	1984922233
1062301995	1959073150	1984922233
1062301995	1406323317	1984922233
1062301995	1936915924	1984922233
1062301995	1196309262	1880660434
1062301995	2117784832	2782925481
1062301995	1723293022	2782925481
1062301995	1789074173	2782925481
1062301995	1793786682	2782925481
1062301995	1245612684	1279838344
1062301995	1424706035	1729848742
1062301995	1458440994	1729848742
1062301995	1260838111	1729848742
1062301995	1401787053	1729848742
1062301995	1680260232	1729848742
1062301995	1426725054	1729848742
1062301995	1395026663	1729848742
1062301995	1391703685	1729848742
1062301995	1660835355	1729848742
1062301995	1326491374	1729848742
1062301995	1728815957	1729848742
1062301995	1238732017	1729848742
1062301995	1064649941	1729848742
1062301995	1409594011	1729848742
1062301995	1647488287	1729848742
1062301995	1156060544	1729848742
1062301995	1254847873	1729848742
1062301995	1064649941	1213517105
1062301995	1070438927	1597003414
1062301995	1282738695	1597003414
1062301995	1421137334	1597003414
1062301995	1303848337	1597003414
1062301995	1236239021	1597003414
1062301995	1461106940	1597003414
1062301995	1220537360	1597003414
1062301995	1404601825	1597003414
1062301995	1064649941	1597003414
1062301995	1238732017	1260838111
1062301995	1156060544	1260838111
1062301995	1774184652	1865753673
1062301995	1440563525	1865753673
1062301995	1597003414	1865753673
1062301995	1658030270	1865753673
1062301995	1303848337	1865753673
1062301995	1627236537	1865753673
1062301995	1220537360	1865753673
1062301995	1638796285	1865753673
1062301995	1760685007	1865753673
1062301995	1558846503	1865753673
1062301995	1854951781	1865753673
1062301995	1421137334	1865753673
1062301995	1758453771	1865753673
1062301995	1461106940	1865753673
1062301995	1813196995	1865753673
1062301995	1824056637	1865753673
1062301995	1282738695	1865753673
1062301995	1712207054	1865753673
1062301995	1660052403	1865753673
1062301995	1236239021	1865753673
1062301995	1721942252	1865753673
1062301995	1728815957	1865753673
1062301995	1404601825	1865753673
1062301995	1082781274	1865753673
1062301995	1064649941	1865753673
1062301995	1256212543	1865753673
1062301995	1803299813	1865753673
